%PDF-1.7

1 0 obj
  << >>
endobj

2 0 obj
  << /Length 3 0 R >>
stream
/DeviceRGB CS
/DeviceRGB cs
q
1.000000 0.000000 -0.000000 1.000000 35.000000 6.804993 cm
0.996078 0.549020 0.003922 scn
1.707617 0.487640 m
2.097461 0.878599 2.097461 1.511709 1.707617 1.902667 c
1.316602 2.292454 0.683398 2.292454 0.292383 1.902667 c
-0.097461 1.511709 -0.097461 0.878599 0.292383 0.487640 c
0.683398 0.097463 1.316602 0.097463 1.707617 0.487640 c
h
f
n
Q
q
1.000000 0.000000 -0.000000 1.000000 31.000000 17.804688 cm
0.996078 0.549020 0.003922 scn
1.706881 0.487988 m
2.097706 0.879004 2.097706 1.512207 1.706881 1.902051 c
1.316837 2.293067 0.683163 2.293067 0.293119 1.902051 c
-0.097706 1.512207 -0.097706 0.879004 0.293119 0.487988 c
0.683163 0.097754 1.316837 0.097754 1.706881 0.487988 c
h
f
n
Q
q
1.000000 0.000000 -0.000000 1.000000 20.000000 28.804688 cm
0.996078 0.549020 0.003922 scn
1.706881 1.902051 m
1.316837 2.293067 0.683163 2.293067 0.293119 1.902051 c
-0.097706 1.512207 -0.097706 0.879004 0.293119 0.487988 c
0.683163 0.097754 1.316837 0.097754 1.706881 0.487988 c
2.097706 0.879004 2.097706 1.512207 1.706881 1.902051 c
h
f
n
Q
q
1.000000 0.000000 -0.000000 1.000000 20.000000 12.804993 cm
0.996078 0.549020 0.003922 scn
1.706881 0.487347 m
2.097706 0.878696 2.097706 1.511416 1.706881 1.902374 c
1.315666 2.292552 0.683163 2.292552 0.293119 1.902374 c
-0.097706 1.511416 -0.097706 0.878696 0.293119 0.487347 c
0.683163 0.097561 1.315666 0.097561 1.706881 0.487347 c
h
f
n
Q
q
1.000000 0.000000 -0.000000 1.000000 0.000000 -0.215332 cm
0.996078 0.549020 0.003922 scn
19.765085 8.960400 m
6.596087 13.920282 l
5.683667 11.688251 2.762109 11.066879 1.017164 12.810476 c
0.207131 13.621849 -0.150720 14.759518 0.058754 15.854218 c
2.802728 30.215557 14.054905 41.423046 28.361574 44.156605 c
29.455942 44.366077 30.593613 44.007893 31.404318 43.198532 c
33.145569 41.455944 32.529568 38.532719 30.294844 37.619293 c
43.944893 1.377735 l
44.063728 1.061848 43.986855 0.705673 43.748177 0.467331 c
43.511177 0.229996 43.155338 0.150772 42.837769 0.270615 c
26.203388 6.535679 l
25.758928 6.702854 25.534681 7.198677 25.701859 7.642799 c
25.869036 8.087257 26.364859 8.311836 26.808983 8.144325 c
41.667198 2.548302 l
28.654972 37.096954 l
18.454193 33.728931 10.486462 25.761227 7.118429 15.560484 c
20.371016 10.569046 l
20.815140 10.401871 21.039721 9.906048 20.872543 9.461926 c
20.706038 9.020489 20.212231 8.792217 19.765085 8.960400 c
h
28.684177 42.468063 m
14.945505 39.843269 4.372105 29.269905 1.746966 15.531279 c
1.644579 14.995846 1.826190 14.433224 2.233053 14.025690 c
3.148830 13.110252 4.712500 13.507713 5.070352 14.754818 c
8.469268 26.561188 17.711636 35.766262 29.459969 39.144688 c
30.706406 39.502541 31.106220 41.064861 30.189100 41.982986 c
29.786602 42.384476 29.225319 42.571793 28.684177 42.468063 c
h
f*
n
Q
q
1.000000 0.000000 -0.000000 1.000000 12.000000 15.122437 cm
0.996078 0.549020 0.003922 scn
1.318600 8.561275 m
3.072340 10.316326 5.926474 10.316326 7.681268 8.561275 c
9.439577 6.801652 9.439577 3.953123 7.681268 2.193851 c
5.926474 0.438801 3.072340 0.438801 1.318600 2.193851 c
-0.439709 3.953475 -0.439358 6.802004 1.318600 8.561275 c
h
2.591204 3.467055 m
3.643448 2.414025 5.356069 2.414376 6.409016 3.467407 c
7.464071 4.523251 7.463368 6.232579 6.408664 7.287720 c
5.356069 8.340751 3.643448 8.340751 2.591204 7.287720 c
1.536148 6.231876 1.536500 4.522900 2.591204 3.467055 c
h
f*
n
Q
q
1.000000 0.000000 -0.000000 1.000000 24.000000 21.317322 cm
0.996078 0.549020 0.003922 scn
5.975979 6.658957 m
7.341341 5.293654 7.341341 3.071831 5.975979 1.706527 c
4.610617 0.341224 2.389041 0.341566 1.024021 1.706527 c
-0.341340 3.071831 -0.341340 5.293654 1.024021 6.658957 c
2.389383 8.023918 4.610617 8.023918 5.975979 6.658957 c
h
4.737819 5.420850 m
4.055309 6.103331 2.944350 6.103331 2.262182 5.420850 c
1.579330 4.738027 1.579330 3.627116 2.262182 2.944635 c
2.944691 2.262155 4.055309 2.261812 4.737819 2.944635 c
5.420671 3.627116 5.420671 4.738027 4.737819 5.420850 c
h
f*
n
Q
q
1.000000 0.000000 -0.000000 1.000000 26.000000 9.317505 cm
0.996078 0.549020 0.003922 scn
1.023401 1.706499 m
-0.341077 3.071894 -0.341077 5.293524 1.023059 6.658919 c
2.389246 8.023630 4.610711 8.023630 5.976214 6.659261 c
5.976214 6.659261 5.976556 6.658919 5.976898 6.658919 c
7.341033 5.293524 7.341033 3.071894 5.976898 1.706841 c
4.611053 0.341104 2.388904 0.341104 1.023401 1.706499 c
h
2.261690 2.944347 m
2.944270 2.261821 4.055345 2.261821 4.738267 2.944689 c
5.420164 3.627216 5.420164 4.738202 4.738267 5.421071 c
4.055345 6.103255 2.944270 6.102913 2.261348 5.420729 c
1.579451 4.738544 1.579451 3.627216 2.261690 2.944347 c
h
f*
n
Q
q
1.000000 0.000000 -0.000000 1.000000 22.000000 6.804688 cm
0.996078 0.549020 0.003922 scn
0.293426 1.901758 m
-0.097809 1.511914 -0.097809 0.878711 0.293426 0.487695 c
0.683098 0.097852 1.316804 0.097852 1.706867 0.487695 c
2.097711 0.878711 2.097711 1.511914 1.706867 1.901758 c
1.316804 2.293164 0.683098 2.293164 0.293426 1.901758 c
h
f
n
Q

endstream
endobj

3 0 obj
  4957
endobj

4 0 obj
  << /Annots []
     /Type /Page
     /MediaBox [ 0.000000 0.000000 44.000000 44.000000 ]
     /Resources 1 0 R
     /Contents 2 0 R
     /Parent 5 0 R
  >>
endobj

5 0 obj
  << /Kids [ 4 0 R ]
     /Count 1
     /Type /Pages
  >>
endobj

6 0 obj
  << /Pages 5 0 R
     /Type /Catalog
  >>
endobj

xref
0 7
0000000000 65535 f
0000000010 00000 n
0000000034 00000 n
0000005047 00000 n
0000005070 00000 n
0000005243 00000 n
0000005317 00000 n
trailer
<< /ID [ (some) (id) ]
   /Root 6 0 R
   /Size 7
>>
startxref
5376
%%EOF